
scale  700

#coords  for up right
coords  right up back
model:curve-track.obj

coords  right for up

checkplanes:curve-track_chk.txt

light  0 0 7
start  5 -3 1  0 1 0
start  6 -3 1  0 1 0

camloc:{(-5.4256992187500000e+03,2.6016546875000000e+04,-1.3964048767089844e+02)(1.0000000000000000e+00,1.0000000000000000e+00,1.0000000000000000e+00)[(2.1291871368885040e-01,9.6591597795486450e-01,1.4721398055553436e-01),(-9.7702479362487793e-01,2.1192666888237000e-01,2.2575963288545609e-02),(-9.3920845538377762e-03,-1.4863854646682739e-01,9.8884701728820801e-01)]}


img_dims: 200 200
coords fwd up right
#2422.508789 11497.310547 6589.886230  -0.231523 -0.963543 -0.134099
light: 0.000000 2400999936.000000 0.000000
camloc:{(2.4225087890625000e+03,1.1497310546875000e+04,6.5898862304687500e+03)(1.0000000000000000e+00,1.0000000000000000e+00,1.0000000000000000e+00)[(-2.3152311146259308e-01,5.1660615205764771e-01,8.2432711124420166e-01),(-9.6354275941848755e-01,-4.9707591533660889e-03,-2.6750847697257996e-01),(-1.3409902155399323e-01,-8.5620874166488647e-01,4.9892291426658630e-01)]}

img_dims: 822 972
coords fwd up right
#4334.030762 17211.101562 1279.358643  -0.369161 -0.921343 -0.121853
light: 0.000000 1680699949056.000000 0.000000
camloc:{(4.3340307617187500e+03,1.7211101562500000e+04,1.2793586425781250e+03)(1.0000000000000000e+00,1.0000000000000000e+00,1.0000000000000000e+00)[(-3.6916071176528931e-01,6.5012609958648682e-01,6.6412073373794556e-01),(-9.2134273052215576e-01,-1.6231906414031982e-01,-3.5324239730834961e-01),(-1.2185265868902206e-01,-7.4228608608245850e-01,6.5891081094741821e-01)]}
    

#sky:iras.png
#sky:ezsky.png

