
scale  1

coords  right up back
model:spiral.obj

coords  for up right

#start 7.32207 1.17071 11.338 -0.391069 0.0455169 -0.919235
#start -4.47521 3.28969 3.66116 0.717362 -0.0216503 -0.696365
start 9.07086 1.95789 6.05769 -0.695126 0 -0.718888
#camloc:{(-2.4430096149444580e+00,-1.2158267974853516e+01,-7.5819861888885498e-01)(1.0000000000000000e+00,1.0000000000000000e+00,1.0000000000000000e+00)[(-9.0717829763889313e-02,-5.5500441789627075e-01,8.2688593864440918e-01),(9.9421799182891846e-01,-2.5718978140503168e-03,1.0734961181879044e-01),(-5.7452842593193054e-02,8.3184343576431274e-01,5.5202871561050415e-01)]}

camloc:{(-3.5685000419616699e+00,2.2075836181640625e+01,-1.2686443328857422e+00)(1.0000000000000000e+00,1.0000000000000000e+00,1.0000000000000000e+00)[(-1.7831357195973396e-02,-9.9978792667388916e-01,1.0301330126821995e-02),(-9.9879950284957886e-01,1.7341699451208115e-02,-4.5812420547008514e-02),(4.5624062418937683e-02,-1.1105861514806747e-02,-9.9889695644378662e-01)]}

# SUPERCLOSE
#camloc:{(-2.4437916278839111e+00,4.5760903358459473e+00,-1.4363878965377808e+00)(1.0000000000000000e+00,1.0000000000000000e+00,1.0000000000000000e+00)[(2.8754211962223053e-03,-9.9987936019897461e-01,1.5263839624822140e-02),(-9.9905931949615479e-01,-2.2119451314210892e-03,4.3307460844516754e-02),(-4.3268471956253052e-02,-1.5374008566141129e-02,-9.9894517660140991e-01)]}




